function J = jac_an(H,P)

H1_1 = H(1); H1_2 = H(4); H1_3 = H(7);
H2_1 = H(2); H2_2 = H(5); H2_3 = H(8);
H3_1 = H(1); H3_2 = H(6); H3_3 = H(9);

p1 = P(1);
p2 = P(2);
j_H_x = [-p1/(H3_3 + H3_1*p1 + H3_2*p2),                              0, (p1*(H1_3 + H1_1*p1 + H1_2*p2))/(H3_3 + H3_1*p1 + H3_2*p2)^2, -p2/(H3_3 + H3_1*p1 + H3_2*p2),                              0, (p2*(H1_3 + H1_1*p1 + H1_2*p2))/(H3_3 + H3_1*p1 + H3_2*p2)^2, -1/(H3_3 + H3_1*p1 + H3_2*p2),                             0, (H1_3 + H1_1*p1 + H1_2*p2)/(H3_3 + H3_1*p1 + H3_2*p2)^2];
j_H_y = [                              0, -p1/(H3_3 + H3_1*p1 + H3_2*p2), (p1*(H2_3 + H2_1*p1 + H2_2*p2))/(H3_3 + H3_1*p1 + H3_2*p2)^2,                              0, -p2/(H3_3 + H3_1*p1 + H3_2*p2), (p2*(H2_3 + H2_1*p1 + H2_2*p2))/(H3_3 + H3_1*p1 + H3_2*p2)^2,                             0, -1/(H3_3 + H3_1*p1 + H3_2*p2), (H2_3 + H2_1*p1 + H2_2*p2)/(H3_3 + H3_1*p1 + H3_2*p2)^2];

J = [j_H_x;j_H_y];
end